# Bậc 12 cho GF (độ dài mảng là 14)
GF_polynomials_deg12 = [
    np.array([1, 0, 0, 0, 0, 0, 1, 0, 1, 0, 0, 1, 1]),  # x^12+x^6+x^4+x^1+1
    np.array([1, 0, 0, 1, 0, 0, 0, 0, 0, 1, 1, 0, 1]),  # x^12+x^9+x^3+x^2+1
    np.array([1, 0, 0, 1, 1, 0, 0, 0, 0, 1, 1, 0, 1]),  # x^12+x^9+x^8+x^3+x^2+1
    np.array([1, 0, 1, 1, 1, 0, 1, 0, 0, 0, 1, 0, 1]),  # x^12+x^10+x^9+x^8+x^6+x^2+1
    np.array([1, 0, 1, 1, 1, 0, 1, 1, 1, 0, 1, 0, 1]),  # x^12+x^10+x^9+x^8+x^6+x^5+x^4+x^2+1
    np.array([1, 1, 0, 0, 0, 0, 1, 0, 1, 0, 1, 1, 1]),  # x^12+x^11+x^6+x^4+x^2+x^1+1
    np.array([1, 1, 0, 1, 0, 0, 0, 1, 0, 1, 0, 1, 1]),  # x^12+x^11+x^9+x^5+x^3+x^1+1
    np.array([1, 1, 0, 1, 0, 1, 1, 0, 1, 0, 0, 0, 1]),  # x^12+x^11+x^9+x^7+x^6+x^4+1
    np.array([1, 1, 0, 1, 0, 1, 1, 1, 0, 0, 0, 0, 1]),  # x^12+x^11+x^9+x^7+x^6+x^5+1
    np.array([1, 1, 0, 1, 1, 1, 0, 0, 1, 0, 0, 0, 1]),  # x^12+x^11+x^9+x^8+x^7+x^4+1
    np.array([1, 1, 0, 1, 1, 1, 0, 1, 0, 0, 1, 1, 1]),  # x^12+x^11+x^9+x^8+x^7+x^5+x^2+x^1+1
    np.array([1, 1, 1, 0, 0, 0, 0, 1, 0, 0, 1, 1, 1]),  # x^12+x^11+x^10+x^5+x^2+x^1+1
    np.array([1, 1, 1, 0, 1, 0, 1, 0, 1, 1, 0, 1, 1]),  # x^12+x^11+x^10+x^8+x^6+x^4+x^3+x^1+1
    np.array([1, 1, 1, 1, 1, 1, 0, 1, 1, 1, 0, 1, 1])   # x^12+x^11+x^10+x^9+x^8+x^7+x^5+x^4+x^3+x^1+1
]
# Bậc 6 cho gm (độ dài mảng là 6)
gm_polynomials_deg6 = [
    np.array([1, 0, 0, 0, 0, 1, 1]),  # (1000011) x^6+x+1
    np.array([1, 0, 1, 1, 0, 1, 1]),  # (1011011) x^6+x^4+x^3+x+1
    np.array([1, 1, 0, 0, 0, 0, 1]),  # (1100001) x^6+x^5+1 (Used in main example)
    np.array([1, 1, 0, 0, 1, 1, 1]),  # (1100111) x^6+x^5+x^2+x+1
    np.array([1, 1, 0, 1, 1, 0, 1]),  # (1101101) x^6+x^5+x^3+x^2+1
    np.array([1, 1, 1, 0, 0, 1, 1])  # (1110011) x^6+x^5+x^4+x+1
]